-36
-1284
-939
-4012
-3518
-4467
-672
-3960
-2504
-200
-2916
-3475
-4837
-3192
-1889
-2447
-76
-3293
-2770
-2124
-151
-4844
-2343
-2380
-4064
-127
-1506
-4243
-2616
-3567
-2752
-130
-1411
-2137
-1952
-4102
-3434
-4184
-2322
-2898
-3595
-2733
-3257
-406
-1725
-2167
-1641
-3269
-4809
-3399
-1879
-1532
-2649
-3488
-4763
-4976
-2911
-1114
-3164
-4548
-3537
-3644
-4913
-4439
-4088
-1099
-3968
-2791
-745
-3573
-421
-2762
-1319
-3089
-2721
-3252
-757
-1773
-79
-2479
-2122
-4528
-2352
-1506
-2670
-2336
-3277
-3732
-3115
-1489
-3283
-554
-2113
-3609
-1522
-4044
-4309
-3734
-561
-587
-512
-4617
-1496
-3138
-2051
-762
-1425
-789
-334
-1465
-4806
-4173
-3201
-469
-908
-2312
-2999
-2283
-2067
-3074
-3808
-3754
-2212
-154
-848
-4187
-2861
-1566
-2934
-2814
-1319
-2028
-2839
-1342
-434
-1120
-808
-2918
-601
-1828
-789
-1783
-1615
-16
-3657
-3402
-133
-4629
-302
-857
-2398
-3279
-1879
-4784
-3235
-3763
-4190
-3706
-3462
-1644
-4874
-3239
-1665
-487
-2968
-4319
-3178
-3973
-1162
-4596
-910
-4117
-2872
-2072
-2423
-1341
-730
-3189
-4063
-4006
-4240
-235
-2324
-442
-3145
-562
-2456
-123
-4929
-602
-4476
-1740
-2253
-1602
-2170
-3948
-3025
-813
-2390
-2132
-4929
-4547
-2173
-2306
-2315
-4788
-1479
-2302
-3780
-239
-3675
-722
-4440
-3359
-780
-3851
-2751
-4706
-4126
-302
-2290
-3255
-1599
-4355
-3002
-2563
-2884
-2419
-876
-1403
-4658
-3319
-3878
-636
-411
-4608
-2316
-2296
-1737
-2246
-244
-1763
-2155
-1739
-4674
-333
-2836
-527
-4061
-3411
-367
-4068
-632
-2572
-1874
-4374
-4746
-3955
-2247
-3420
-4142
-2757
-1135
-2120
-2522
-1891
-4089
-1250
-4002
-1764
-904
-4127
-3788
-3188
-3955
-4231
-3799
-803
-1571
-1296
-261
-4316
-4268
-474
-3422
-3740
-49
-3445
-4735
-2637
-3691
-3415
-182
-2346
-4176
-2637
-2176
-1736
-1679
-3740
-2499
-2016
-1434
-1180
-1806
-4914
-577
-1455
-1165
-3789
-102
-3797
-3864
-2306
-4902
-2363
-4901
-2131
-2267
-2942
-2905
-664
-4539
-2489
-332
-4705
-1405
-1345
-336
-3027
-2252
-587
-4930
-3167
-3054
-3586
-2689
-4107
-1133
-1265
-4091
-2417
-1202
-3367
-2400
-1568
-800
-2274
-3950
-2505
-4010
-332
-3342
-1870
-4382
-1613
-3783
-3066
-4675
-1186
-2563
-416
-23
-4030
-4417
-3993
-775
-4270
-129
-2459
-3954
-2747
-3167
-4734
-4181
-3370
-1213
-1328
-3163
-4017
-1297
-992
-4541
-2400
-3085
-869
-303
-2655
-4964
-4376
-4054
-2361
-2455
-1205
-2671
-2445
-204
-827
-4609
-3292
-3220
-1010
-493
-1286
-4619
-901
-2046
-3047
-2087
-938
-3097
-3265
-3163
-3654
-857
-4924
-478
-1380
-4357
-2239
-2749
-4113
-60
-2681
-2752
-395
-3974
-1699
-2677
-3843
-4329
-4071
-3039
-2236
-3828
-4485
-486
-3408
-4451
-3532
-2268
-1700
-4122
-973
-4339
-1850
-56
-1359
-3128
-3287
-4393
-1158
-2207
-4048
-131
-3892
-3636
-1153
-3610
-2121
-3041
-2313
-675
-4042
-415
-1036
-3649
-3989
-618
-2053
-1189
-3079
-2494
-2546
-757
-3625
-4383
-3188
-963
-2999
-320
-1206
-2185
-3062
-4929
-1263
-2856
-1455
-3378
-1785
-4363
-4296
-1071
-69
-2600
-3600
-1878
-1083
-2044
-3619
-2687
-1972
-1896
-1515
-3548
-4213
-1899
-635
-1164
-1841
-3781
-3461
-1375
-463
-2579
-4885
-3875
-54
-1236
-582
-2422
-1910
-4836
-1362
-3114
-3961
-132
-1340
-1892
-171
-1431
-911
-1640
-2724
-318
-1878
-4974
-2848
-3351
-4781
-184
-1147
-506
-487
-1633
-4159
-2700
-262
-586
-2747
-3474
-4219
-1957
-516
-2557
-3656
-3570
-4784
-801
-4117
-1365
-2
-1956
-2881
-4348
-2338
-4044
-3541
-4738
-2972
-1736
-2574
-3992
-188
-4881
-666
-430
-3516
-376
-4969
-3430
-3291
-120
-1061
-4544
-803
-4930
-279
-3180
-1953
-3109
-3185
-2814
-3098
-3126
-144
-2573
-1743
-3618
-1332
-4611
-2191
-3818
-3563
-4332
-2655
-2437
-1944
-765
-1206
-2027
-2169
-1419
-1044
-4415
-731
-3832
-3040
-3477
-3319
-2521
-4048
-1211
-4068
-3611
-4087
-2430
-1324
-1648
-4162
-1634
-2797
-3591
-1449
-2207
-4854
-2440
-4874
-527
-1172
-3549
-2884
-2077
-3843
-4202
-3927
-1956
-1710
-1591
-395
-2876
-1253
-2228
-2161
-1876
-3289
-1335
-408
-2288
-4772
-1960
-4714
-4794
-18
-2765
-3476
-3504
-4530
-3929
-2944
-2218
-1662
-1995
-265
-1011
-1484
-1246
-2502
-2610
-1732
-4268
-4207
-1112
-2384
-4105
-4552
-2839
-545
-2272
-1604
-1788
-923
-2783
-2964
-3612
-2595
-4255
-1522
-3139
-4054
-268
-3418
-1067
-530
-2903
-667
-3367
-481
-502
-337
-1696
-2614
-1294
-4722
-3954
-102
-1171
-4620
-3869
-3703
-1813
-3665
-2049
-566
-2455
-4888
-3348
-2675
-2634
-1540
-4309
-3207
-2123
-2879
-3125
-3329
-4217
-2195
-3621
-1483
-3070
-264
-3772
-2523
-684
-1264
-1123
-570
-3293
-2555
-280
-1342
-4726
-848
-4263
-3372
-3159
-4952
-3301
-4508
-583
-3292
-4093
-3159
-530
-140
-3015
-4497
-598
-3442
-212
-3772
-1628
-4693
-2607
-3315
-4231
-3879
-3704
-1212
-153
-2606
-1492
-3546
-1075
-1308
-4353
-2762
-3535
-2769
-1001
-694
-2482
-4627
-1236
-405
-1795
-126
-1398
-381
-4386
-1214
-4901
-2759
-4107
-3707
-4174
-27
-4181
-3747
-412
-3948
-1717
-218
-3943
-4798
-2738
-2408
-4569
-4480
-4230
-1857
-615
-2500
-703
-3991
-3394
-2952
-4744
-1502
-2038
-1854
-810
-3799
-1450
-3645
-3034
-2645
-2858
-1326
-2549
-4035
-1737
-1660
-1597
-2815
-526
-2109
-2687
-3050
-2925
-1635
-4878
-2952
-4267
-3442
-1653
-2865
-4378
-4771
-1360
-1486
-777
-747
-2105
-3939
-4237
-1048
-3986
-4487
-187
-2764
-2810
-1360
-1823
-80
-2654
-4577
-2410
-2677
-4277
-3721
-1936
-3479
-483
-2969
-4447
-4766
-592
-1589
-3428
-1194
-3480
-4928
-4751
-1151
-569
-3614
-209
-1993
-3065
-571
-1255
-819
-3421
-4470
-277
-25
-170
-2241
-2862
-3681
-3692
-2125
-2331
-1673
-2767
-2221
-4151
-2051
-2057
-1907
-2526
-1468
-1441
-2083
-63
-1270
-1489
-4426
-237
-439
-198
-1805
-1287
-1577
-489
-2819
-888
-1288
-2140
-2748
-4152
-1441
-414
-4149
-2326
-2041
-1286
-4555
-3770
-822
-1801
-4408
-2914
-796
-326
-2591
-946
-492
-4128
-3149
-2079
-3158
-2831
-2203
-551
-1134
-697
-1674
-2327
-3732
-4698
-1078
-3163
-4814
-4077
-2629
-4929
-3678
-80
-1218
-4210
-4472
-1230
-3676
-247
-4424
-1023
-1044
-807
-1421
-4497
-2030
-2856
-1934
-307
-1781
-1910
-2303
-3550
-693
-2015
-806
-1258
-1106
-3200
-1862
-3256
-3085
-4000
-1672
-4277
-4879
-3373
-2855
-4148
-4080
-889
-1464
-4006
-4889
-1163
-4479
-110
-4623
-4452
-4235
-1174
-1114
-683
-4389
-120
-546
-3794
-2320
-3175
-3057
-3072
-1560
-4715
-4015
-1922
-3850
-2412
-1175
-2961
-2489
-2597
-4660
-4789
-1463
-4789
-4362
-3620
-4184
-461
-4140
-4045
-1698
-4626
-2769
-2828
-967
-1085
-613
-4226
-3268
-2439
-2042
-891
-2835
-1500
-939
-2464
-897
-629
-2157
-1417
-2993
-341
-4948
-2789
-3896
-1183
-4581
-3825
-630
-1511
-1009
-608
-1333
-2293
-2388
-4615
-3065
-3951
-1180
-3785
-3114
-34
-1288
-2629
-2360
-2730
-1755
-3434
-3499
-3744
-1889
-2821
-1262
-1611
-1822
-3638
-4542
-3604
-3582
-390
-1927
-898
-3656
-1732
-623
-380
-2082
-3497
-2327
-1226
-4164
-4802
-1564
-4606
-2946
-4017
-2196
-2341
-4732
-2977
-4637
-1018
-4135
-4037
-54
-3475
-2440
-719
-4620
-718
-2103
-701
-3392
-3704
-3457
-4409
-4154
-2602
-2300
-4357
-848
-2555
-227
-2250
-993
-1151
-1559
-1770
-897
-1783
-1955
-2230
-3125
-2094
-3246
-287
-3074
-2999
-1808
-251
-233
-3433
-3098
-121
-4634
-1939
-4037
-3329
-4930
-318
-3195
-669
-2284
-2103
-1998
-4881
-1403
-3416
-1217
-181
-4216
-3574
-4677
-3919
-2026
-2810
-1086
-2740
-2526
-857
-4611
-476
-4643
-698
-4908
-3258
-3794
-3788
-138
-2830
-265
-4679
-4073
-4451
-3454
-4339
-2418
-3402
-1003
-479
-2893
-175
-2726
-81
-633
-1992
-4966
-2027
-1259
-4152
-2522
-421
-1224
-1934
-3965
-3635
-1356
-273
-4058
-4890
-2053
-1398
-1224
-2384
-1888
-202
-1226
-2476
-1932
-4152
-2077
-1923
-1871
-2883
-4148
-3836
-3811
-2669
-616
-4078
-1409
-1795
-1233
-909
-3080
-2841
-2804
-3333
-3383
-4169
-3666
-431
-3037
-315
-4560
-575
-1166
-2850
-3940
-3197
-753
-4377
-1339
-4918
-4546
-4000
-3630
-1385
-1087
-4530
-2979
-4978
-4752
-39
-3128
-4633
-33
-287
-4873
-525
-1985
-2536
-3650
-119
-3996
-2673
-1454
-2189
-4542
-3796
-1666
-2613
-703
-2921
-831
-2401
-3606
-1729
-2642
-2435
-3670
-4084
-4187
-1457
-325
-3185
-2321
-370
-757
-3832
-3979
-2484
-355
-463
-2979
-3015
-467
-3685
-2841
-643
-3580
-1530
-350
-4663
-3313
-2652
-352
-368
-3591
-4758
-1873
-4088
-1805
-3457
-4087
-2195
-4857
-4404
-1606
-4103
-2016
-4641
-4613
-4799
-3038
-2623
-802
-3465
-268
-1909
-817
-4466
-2770
-4016
-1140
-2388
-681
-4857
-4819
-1988
-2447
-1797
-271
-4305
-1485
-1781
-3958
-445
-3404
-4901
-2069
-4000
-4687
-2335
-4012
-45
-1951
-4138
-4768
-4321
-174
-135
-4168
-4056
-3759
-1395
-1135
-4135
-3657
-2760
-3433
-1328
-3164
-2688
-2218
-726
-4009
-4615
-499
-3740
-707
-928
-706
-1218
-344
-3497
-4340
-2884
-3845
-3840
-4891
-3968
-1462
-4687
-947
-4653
-4043
-1678
-733
-135
-63
-3391
-4782
-4482
-4531
-558
-4901
-831
-2047
-3092
-1326
-4032
-3104
-4997
-1567
-2299
-1405
-1206
-105
-2422
-2871
-3643
-1629
-3076
-3055
-581
-1035
-1400
-4520
-433
-4301
-165
-3095
-1887
-1784
-2877
-375
-3132
-4158
-729
-3677
-4974
-3866
-3620
-2500
-3583
-1112
-2046
-4437
-4318
-2311
-2006
-1287
-2453
-1904
-4438
-4721
-1678
-3722
-4364
-3967
-4941
-3089
-4666
-2118
-2352
-4456
-2693
-3483
-2050
-1895
-75
-2802
-4851
-3084
-2360
-3000
-2431
-4932
-4036
-3154
-3660
-1249
-2704
-1930
-368
-559
-948
-3942
-2709
-4525
-94
-651
-2702
-143
-4076
-3314
-1475
-3286
-593
-3177
-4372
-1493
-719
-2286
-3001
-3865
-2771
-532
-2684
-2439
-4283
-2675
-4707
-2490
-116
-1611
-1459
-3542
-3338
-4400
-2698
-1203
-4756
-2879
-2080
-1458
-3642
-4535
-1953
-2578
-1088
-2771
-1232
-2346
-168
-2954
-4394
-4713
-556
-4829
-565
-2410
-1571
-2882
-3320
-608
-166
-4454
-1502
-4771
-1298
-3652
-4554
-299
-860
-3518
-498
-1153
-3785
-3902
-2730
-4731
-1563
-3146
-196
-638
-2445
-3885
-1124
-4115
-2222
-3006
-1187
-3621
-1778
-1246
-3227
-2287
-983
-4286
-2936
-4295
-2799
-3856
-3322
-2007
-1922
-3748
-4236
-2459
-59
-3022
-265
-1818
-3284
-1949
-3588
-3767
-1937
-3025
-1824
-420
-4798
-3152
-3192
-2399
-3808
-1989
-548
-2432
-895
-3107
-1491
-4518
-3806
-4740
-4569
-1992
-4452
-1190
-2734
-3001
-2946
-529
-1037
-4855
-6
-1641
-59
-2995
-4037
-787
-2401
-1004
-362
-4270
-4896
-2590
-2188
-2222
-3148
-4224
-696
-405
-2299
-1320
-1000
-3101
-2927
-3079
-2910
-4942
-2588
-1213
-1751
-2715
-1614
-2026
-3909
-4052
-3101
-4434
-1308
-2682
-2053
-3364
-2311
-4810
-518
-141
-2469
-4302
-1635
-2540
-3056
-2017
-1142
-2399
-4834
-309
-4700
-4285
-74
-4686
-1133
-354
-4469
-157
-295
-617
-4255
-4407
-4700
-4055
-2494
-4194
-4308
-892
-1193
-3978
-83
-3079
-3473
-4088
-4610
-2711
-1692
-1255
-628
-3409
-3323
-2910
-1156
-648
-3370
-3651
-1280
-3803
-2817
-2424
-2041
-3669
-4974
-1029
-3651
-4135
-1169
-3542
-724
-1316
-1289
-217
-3744
-1774
-1710
-386
-2683
-3274
-2842
-2561
-1186
-4925
-3101
-2987
-19
-4324
-2014
-2949
-4470
-471
-403
-3579
-1795
-4793
-2928
-1299
-4051
-3769
-4498
-3246
-4725
-4993
-1776
-4543
-2987
-3204
-1970
-1090
-616
-4019
-2651
-4948
-3449
-127
-2992
-947
-1487
-1406
-3121
-3173
-4004
-4091
-4214
-604
-4253
-3347
-3405
-1137
-1243
-1700
-4056
-850
-4593
-2337
-3458
-968
-464
-2096
-518
-2677
-4883
-2527
-4808
-3683
-1699
-1782
-1438
-2505
-2664
-4976
-338
-2325
-4499
-4351
-1486
-4124
-3508
-2941
-429
-1977
-2667
-490
-2205
-337
-3578
-2677
-2693
-739
-1353
-3105
-3914
-1794
-4392
-689
-4861
-3978
-2212
-4367
-3156
-3058
-3312
-1067
-3228
-1942
-1005
-1443
-1847
-85
-3435
-4520
-2935
-4826
-3701
-4554
-3932
-3242
-3804
-1859
-344
-3944
-1228
-4819
-1952
-1201
-2051
-2390
-1711
-1290
-4854
-521
-829
-1023
-3231
-3621
-3940
-365
-3865
-3791
-4727
-1224
-476
-683
-3144
-1274
-3239
-1464
-233
-409
-4631
-1318
-1867
-710
-3680
-4194
-1365
-771
-1662
-549
-1462
-861
-2571
-572
-1732
-3036
-2559
-2159
-474
-3489
-4484
-2063
-3699
-2034
-2479
-3739
-3465
-2417
-2502
-4216
-2442
-44
-4037
-2329
-1319
-2713
-1798
-2164
-3082
-1549
-3257
-589
-772
-3629
-68
-985
-4576
-224
-2046
-3214
-1635
-902
-2750
-2129
-332
-3501
-4834
-1948
-4438
-377
-4586
-2192
-1268
-3441
-721
-3737
-2969
-680
-300
-3391
-2477
-4845
-2070
-4027
-4110
-2989
-3346
-3503
-3295
-1556
-4300
-521
-4767
-1991
-3363
-1783
-2671
-691
-2817
-330
-1946
-1518
-1223
-1553
-517
-4969
-4684
-492
-4224
-3671
-4884
-2376
-2279
-3932
-4430
-4978
-356
-733
-1463
-860
-4781
-383
-149
-2571
-2026
-4426
-212
-1238
-3594
-2728
-1418
-2830
-1197
-4968
-1356
-390
-3782
-1047
-4415
-2677
-2645
-1803
-743
-3322
-4605
-561
-1896
-3289
-1284
-3298
-4753
-2912
-208
-2159
-4410
-4073
-150
-1241
-3598
-2917
-2486
-575
-1256
-1913
-1550
-755
-649
-2109
-494
-3920
-3730
-3706
-3324
-1249
-627
-2594
-1597
-252
-753
-2015
-2485
-1085
-2134
-2242
-317
-1387
-2462
-495
-1431
-2902
-3954
-2767
-1410
-4835
-4243
-3248
-2773
-1908
-2161
-2845
-2254
-2370
-2445
-4322
-2497
-2199
-2400
-995
-2566
-3377
-776
-1844
-2017
-3118
-864
-629
-135
-4524
-1933
-542
-515
-4373
-4804
-3109
-745
-2086
-2330
-579
-2047
-967
-763
-1619
-3614
-3543
-4320
-3374
-2954
-482
-4458
-4878
-3697
-105
-1206
-2718
-2495
-1820
-3375
-2260
-4521
-3590
-1283
-4340
-278
-3059
-62
-4753
-4200
-1137
-2472
-4898
-3350
-1536
-2968
-2188
-2603
-2686
-2516
-2390
-1840
-3398
-3251
-4412
-4612
-3797
-155
-3717
-3238
-2415
-2969
-2623
-3248
-1801
-3877
-2401
-4505
-4843
-3717
-2349
-3905
-3012
-2710
-4723
-323
-2642
-4646
-3720
-1160
-3516
-3231
-1689
-1756
-3874
-1236
-4987
-858
-1446
-42
-1882
-1626
-3034
-1349
-4524
-2746
-3914
-1828
-960
-1707
-566
-4354
-3878
-3844
-2954
-664
-3961
-1528
-1071
-4797
-1437
-943
-4423
-4471
-727
-2431
-3841
-783
-4039
-2293
-1648
-23
-928
-3293
-4484
-3760
-4936
-2969
-4747
-3666
-687
-1450
-2522
-4963
-1475
-3240
-4670
-1069
-2770
-923
-3678
-1330
-1217
-3365
-1757
-4079
-469
-2344
-4470
-1458
-17
-2902
-1631
-4718
-2953
-3106
-1531
-549
-4170
-1092
-475
-4990
-1895
-1614
-513
-4982
-3046
-601
-4604
-1888
-4546
-3878
-1591
-330
-1873
-4455
-1594
-1579
-65
-576
-765
-4769
-527
-1933
-1214
-819
-1758
-3652
-29
-4046
-707
-3909
-2962
-4146
-2687
-1839
-801
-2463
-2051
-416
-3700
-447
-3167
-3567
-3175
-4748
-238
-3671
-3027
-1009
-2431
-2617
-4917
-201
-730
-3418
-4151
-4821
-3542
-2816
-4573
-1729
-3528
-4673
-2027
-3577
-4567
-2834
-4323
-3090
-2411
-2555
-25
-3607
-380
-4011
-231
-2303
-475
-4358
-2012
-747
-4779
-3992
-2870
-2490
-826
-3489
-873
-4842
-1116
-315
-3839
-3443
-664
-1572
-2671
-2568
-3314
-284
-789
-2256
-1900
-4006
-3488
-3186
-81
-1866
-1908
-3879
-819
-3241
-3242
-4877
-3350
-4330
-2496
-4615
-4008
-3802
-4925
-3516
-502
-3198
-2114
-2048
-4910
-3346
-3331
-1583
-1244
-4062
-3207
-4102
-2669
-926
-2746
-4120
-2753
-1242
-3080
-4260
-3779
-893
-768
-2432
-715
-3784
-3002
-935
-1879
-2773
-3725
-3302
-51
-1371
-850
-2155
-1531
-1278
-4031
-3403
-1219
-2979
-4379
-1213
-4877
-403
-752
-3396
-3623
-3518
-4109
-1418
-4714
-4836
-254
-4192
-1141
-1533
-3451
-265
-2811
-4831
-3731
-2657
-4920
-3384
-3681
-854
-3094
-1060
-886
-4426
-2275
-1608
-2589
-4129
-2669
-2141
-4969
-4029
-4128
-2708
-2586
-4207
-3021
-1585
-4167
-1378
-3985
-1204
-3052
-811
-1055
-644
-655
-2328
-4398
-3789
-2242
-2238
-3179
-2971
-1283
-3758
-3562
-4648
-317
-2034
-2038
-1956
-4419
-3919
-1472
-1927
-2422
-3700
-1798
-2865
-202
-3259
-3893
-377
-3006
-691
-1953
-2838
-2843
-535
-4638
-1002
-686
-3716
-1541
-3207
-4155
-1475
-562
-3871
-3514
-1005
-2933
-2434
-1333
-3284
-1581
-3287
-2822
-812
-367
-2715
-1360
-1567
-4854
-744
-1702
-4227
-3272
-4050
-201
-1270
-1646
-4278
-1374
-4921
-4385
-3417
-1025
-674
-1073
-4978
-134
-4852
-255
-865
-4430
-4823
-3303
-241
-1024
-2170
-1802
-140
-215
-3467
-2806
-2182
-2173
-3213
-628
-987
-4179
-1046
-2622
-932
-1761
-3589
-2311
-159
-3055
-706
-4128
-1108
-3756
-1756
-339
-3942
-3232
-1217
-1339
-2592
-32
-4821
-1536
-3811
-209
-3062
-3434
-4589
-4105
-3206
-2106
-777
-4438
-1042
-66
-2643
-4821
-3258
-2438
-2262
-3252
-961
-3563
-87
-608
-3422
-470
-2627
-563
-3172
-3127
-2097
-4471
-2389
-1624
-3312
-4211
-651
-2565
-3358
-2767
-1230
-2869
-2771
-1362
-98
-3490
-3848
-4814
-4416
-1295
-4300
-354
-1646
-2518
-647
-1144
-3792
-4929
-3962
-3207
-1525
-2980
-908
-462
-4575
-4223
-86
-4466
-1181
-2328
-2218
-469
-4223
-4174
-4466
-4024
-1867
-7
-4787
-2720
-964
-4700
-2866
-1343
-4998
-3896
-495
-571
-2573
-3799
-2272
-872
-4556
-3539
-2063
-2574
-2915
-2655
-4530
-4799
-374
-2696
-153
-1362
-4609
-669
-5
-4630
-856
-4041
-4348
-2136
-4280
-454
-2955
-2709
-2065
-4360
-1335
-4272
-931
-588
-244
-2601
-192
-765
-341
-88
-4053
-4448
-125
-1079
-377
-4647
-4782
-3249
-1093
-3680
-4381
-133
-2540
-3703
-3980
-2903
-3754
-4930
-3432
-3038
-4001
-2513
-1786
-4470
-4381
-96
-165
-4618
-2107
-907
-2619
-2207
-2939
-880
-1834
-2789
-2957
-2418
-1085
-3846
-1965
-3867
-3868
-290
-2407
-1224
-3831
-4093
-3456
-4985
-2791
-3446
-1651
-4856
-2689
-4674
-4198
-1104
-2170
-4018
-3053
-3100
-3007
-2555
-4949
-3662
-4220
-2873
-2908
-3696
-2803
-4240
-799
-391
-3669
-1814
-3187
-3879
-4883
-4261
-4507
-571
-4166
-2958
-4671
-4424
-1949
-2847
-1339
-2225
-4862
-2086
-3689
-4984
-2653
-2466
-1854
-1196
-1337
-4317
-4579
-4667
-422
-4708
-4199
-4156
-4050
-1986
-4090
-210
-4663
-2674
-2866
-2495
-3496
-4972
-2883
-429
-1173
-2086
-2710
-2301
-1731
-2488
-745
-4975
-227
-3712
-1558
-2236
-1678
-4537
-3763
-419
-364
-2843
-1875
-3410
-474
-4447
-3578
-4896
-2874
-458
-4043
-2576
-925
-2119
-4160
-2410
-936
-2321
-4703
-3838
-713
-4162
-197
-4401
-4368
-4579
-4838
-3442
-4246
-4517
-2016
-2449
-4639
-4425
-563
-2837
-382
-4466
-3402
-778
-265
-1729
-2368
-4584
-4620
-29
-863
-997
-69
-4455
-3176
-3909
-2109
-2612
-4150
-1020
-351
-612
-1698
-1348
-2428
-208
-2945
-1172
-2780
-1411
-1647
-300
-863
-1183
-2150
-4393
-1588
-261
-183
-4648
-1977
-2460
-1963
-4138
-3441
-796
-4393
-3794
-2630
-2430
-3743
-4581
-23
-4911
-2330
-3360
-2332
-2300
-2850
-254
-4869
-297
-4113
-3283
-2581
-4489
-931
-648
-4707
-2984
-3143
-4593
-3218
-403
-1352
-917
-501
-4634
-2468
-4015
-3766
-3867
-2235
-804
-3120
-1729
-1512
-4479
-2220
-4236
-1334
-3161
-1831
-2157
-2821
-1433
-3821
-2867
-3471
-2716
-4017
-4595
-331
-2849
-4375
-3626
-189
-473
-1601
-1030
-4269
-3071
-2577
-3873
-2243
-3436
-3809
-1201
-1688
-188
-338
-4744
-450
-4781
-281
-2694
-1492
-1101
-4998
-1369
-4689
-4877
-4106
-3978
-4282
-2066
-4975
-1671
-2984
-4804
-4806
-4761
-3903
-86
-3678
-386
-2070
-990
-741
-4854
-2145
-4358
-1841
-2386
-3934
-2816
-698
-2989
-1705
-3719
-1942
-4817
-4147
-1667
-3660
-1281
-1785
-3544
-3588
-4852
-4644
-4798
-4632
-2979
-1230
-4081
-3238
-4715
-3095
-208
-1079
-2016
-2784
-2906
-4745
-4750
-4750
-3151
-4076
-692
-2734
-559
-1070
-4052
-2448
-4647
-225
-3943
-3288
-1913
-4314
-4332
-4754
-1221
-3699
-3583
-2008
-760
-3212
-3340
-889
-1743
-2089
-4681
-592
-2191
-4964
-836
-1841
-4670
-453
-341
-3747
-3209
-971
-3159
-1230
-4373
-1189
-135
-407
-2625
-1042
-1714
-8
-2188
-4231
-3303
-4568
-3901
-1742
-4440
-4790
-1283
-3021
-4015
-2082
-4011
-3640
-2182
-2750
-116
-613
-2561
-288
-4970
-4158
-220
-3885
-3505
-1418
-2110
-1521
-491
-4278
-3229
-2803
-3193
-1042
-161
-3401
-4622
-3837
-4157
-1311
-2124
-2643
-369
-1139
-4525
-3905
-598
-2903
-3004
-669
-3063
-3822
-4072
-2244
-4798
-99
-3993
-4360
-2904
-1397
-1923
-254
-3980
-4109
-3237
-4490
-3600
-2152
-3484
-287
-2724
-3156
-4908
-2163
-3967
-3337
-4164
-4219
-154
-391
-394
-1613
-1974
-972
-3794
-795
-3026
-4116
-2036
-3648
-1989
-3123
-3422
-4831
-2743
-4169
-4131
-872
-1894
-3008
-529
-301
-439
-3271
-4491
-2746
-1652
-1618
-1095
-1965
-1152
-1330
-689
-3635
-2187
-4003
-1105
-1502
-3941
-3452
-3296
-460
-1236
-4331
-2518
-76
-3537
-4622
-4402
-4236
-2574
-4319
-959
-34
-3531
-4571
-4463
-2184
-2190
-877
-4865
-3219
-2228
-2414
-3150
-863
-2355
-4518
-4026
-4097
-2300
-2525
-3116
-1792
-3697
-261
-3486
-4215
-2084
-4220
-1132
-2293
-4542
-3253
-2517
-4351
-683
-1453
-2678
-4281
-96
-3568
-4120
-575
-2936
-2313
-2162
-2738
-2578
-1022
-4053
-1625
-2351
-2337
-2878
-3866
-3743
-3937
-1661
-541
-2246
-1297
-4815
-1413
-4463
-1826
-1968
-4163
-1265
-1072
-3167
-3887
-3563
-2232
-1415
-2930
-1704
-3217
-84
-2901
-100
-2507
-4591
-3377
-1582
-3653
-4155
-2372
-4700
-4930
-2086
-895
-2384
-4558
-2048
-1320
-1882
-905
-4694
-4774
-3795
-783
-4484
-600
-2623
-4936
-2181
-2926
-473
-927
-3082
-4875
-4363
-1728
-1211
-1209
-3383
-1402
-1766
-4655
-1210
-3003
-14
-708
-426
-3266
-3697
-2432
-3559
-4505
-344
-1436
-1828
-1008
-806
-1083
-2839
-1858
-2983
-3081
-777
-641
-1040
-2487
-2684
-1200
-573
-2579
-4484
-2801
-3014
-4233
-1361
-148
-1335
-2304
-4354
-2792
-3145
-1470
-3295
-564
-1533
-1098
-1799
-519
-2119
-2444
-506
-4581
-1995
-2285
-616
-1749
-2080
-1641
-3792
-4496
-4984
-4979
-210
-260
-3583
-2425
-749
-2513
-1939
-3413
-4754
-3018
-1026
-2588
-4855
-4837
-3835
-2861
-2897
-3540
-4796
-421
-1504
-1422
-4660
-1193
-2484
-4876
-3615
-445
-2061
-246
-4156
-2512
-4823
-1070
-4561
-1636
-4496
-760
-2403
-4332
-2333
-4764
-966
-1184
-2387
-3895
-4576
-4089
-2113
-4809
-2908
-1146
-1323
-743
-1441
-4253
-210
-3328
-4077
-2480
-2927
-318
-2060
-721
-1727
-334
-3856
-250
-3628
-2923
-584
-27
-4196
-710
-53
-4531
-1041
-1615
-987
-3480
-3995
-4882
-391
-3712
-3243
-1758
-1381
-1719
-83
-3798
-1943
-3591
-176
-2257
-2561
-1785
-1424
-4708
-2637
-242
-2886
-4321
-249
-1784
-1794
-2489
-3759
-2734
-4677
-4285
-320
-4325
-3867
-1994
-2911
-3240
-337
-3421
-1767
-2834
-3110
-3856
-911
-1886
-1041
-490
-3478
-2171
-1874
-3140
-769
-1406
-3598
-3160
-4376
-3604
-2737
-1169
-4235
-763
-780
-310
-4063
-4214
-1097
-1534
-1392
-1712
-1727
-1119
-2548
-1477
-995
-2526
-4826
-4613
-1621
-2703
-696
-4947
-1120
-891
-229
-2213
-3600
-3174
-4038
-3045
-3821
-2074
-2902
-795
-4266
-23
-1953
-1951
-585
-4743
-970
-1253
-1716
-1834
-4471
-4515
-3851
-3823
-218
-3677
-410
-1948
-4474
-3224
-1587
-4130
-2277
-226
-3756
-3535
-4141
-2317
-518
-2326
-3036
-4821
-2200
-1614
-2975
-69
-4870
-724
-1117
-2854
-507
-985
-1397
-3145
-4867
-2669
-3311
-1249
-3261
-2887
-3119
-2944
-12
-4530
-2374
-3615
-4280
-1577
-4370
-818
-1206
-2206
-426
-2114
-3844
-4572
-591
-2903
-1210
-3212
-2132
-4197
-1228
-403
-2621
-4618
-754
-4196
-3630
-524
-3893
-4697
-4683
-4223
-3191
-3010
-3898
-2723
-1066
-4227
-2296
-3494
-849
-3407
-4229
-2479
-1752
-285
-1828
-1582
-3477
-165
-2563
-1761
-1992
-1944
-993
-605
-2128
-4810
-1852
-3076
-3136
-3707
-3283
-823
-3492
-2157
-2836
-4224
-2957
-1317
-1978
-608
-411
-1715
-3594
-794
-4531
-292
-1530
-2514
-1063
-558
-2082
-2201
-3991
-461
-4156
-307
-1494
-1793
-914
-549
-3237
-222
-1229
-175
-4578
-219
-2790
-1435
-4784
-838
-2813
-2614
-582
-444
-2144
-2921
-4654
-3084
-1539
-3298
-1167
-3318
-2751
-3052
-1851
-4120
-2112
-2244
-389
-2948
-1340
-4458
-2480
-4276
-493
-534
-2233
-1760
-3724
-2589
-2322
-690
-2247
-4534
-4795
-901
-1605
-3953
-3761
-1814
-4913
-3500
-3462
-1460
-2774
-19
-3755
-3545
-4165
-945
-695
-4708
-352
-2284
-3696
-366
-3109
-2540
-3730
-2508
-2153
-229
-3393
-4645
-64
-1823
-4833
-4872
-2834
-2699
-555
-1254
-4853
-3726
-1682
-2161
-4909
-1298
-1350
-2481
-921
-613
-4801
-3800
-2824
-4457
-3369
-260
-2615
-3819
-2516
-2406
-1933
-3220
-2953
-3637
-2674
-4342
-4921
-3433
-4157
-322
-4254
-4884
-2517
-4010
-1839
-1361
-3311
-4609
-3075
-612
-4253
-1014
-4123
-2133
-2732
-4288
-3602
-1874
-2079
-673
-863
-3092
-121
-3817
-3321
-440
-1012
-4873
-3829
-661
-4661
-4232
-1312
-2088
-3991
-4684
-1592
-4312
-4184
-344
-28
-4360
-1777
-3609
-4832
-2193
-4185
-1057
-3120
-4863
-3138
-4250
-2383
-3043
-3147
-3847
-2884
-1899
-127
-2926
-1499
-3602
-3656
-2953
-1861
-2698
-562
-1875
-3449
-182
-1787
-2553
-3986
-2497
-1932
-1225
-809
-3900
-4957
-528
-312
-1378
-799
-3226
-4347
-4584
-3719
-1839
-4
-1602
-3658
-2130
-4174
-3464
-3973
-297
-3652
-4397
-2981
-2956
-1982
-4357
-463
-2480
-655
-2695
-255
-618
-4814
-1065
-4885
-936
-2706
-4881
-4066
-2236
-1188
-1059
-1948
-566
-4086
-3337
-3772
-945
-3485
-2246
-1885
-2250
-285
-4999
-2152
-867
-2645
-3579
-2947
-404
-4076
-2955
-859
-409
-3822
-4352
-957
-4828
-287
-103
-1348
-4053
-2574
-2825
-2724
-4814
-1777
-2863
-3608
-2739
-2154
-4637
-529
-2474
-3032
-1825
-2582
-4812
-2952
-2015
-3751
-4624
-2817
-142
-2529
-502
-432
-766
-1584
-1648
-2580
-309
-3901
-1895
-1953
-3381
-3156
-658
-1446
-2023
-605
-3490
-1903
-2600
-3177
-35
-417
-2954
-2041
-2901
-4179
-2972
-1819
-3734
-557
-3544
-1829
-4027
-2350
-4503
-2514
-1191
-892
-52
-3348
-3796
-3726
-2373
-552
-779
-4170
-210
-3143
-217
-2676
-923
-4936
-2809
-4811
-3921
-3110
-214
-3996
-2218
-1179
-4485
-4644
-1625
-14
-4601
-3633
-254
-1983
-3685
-4136
-3945
-2074
-4525
-3511
-3795
-3645
-2421
-4808
-4654
-1156
-3765
-460
-39
-1762
-3305
-3000
-3698
-998
-3661
-4440
-529
-1331
-3841
-3848
-1160
-3348
-2164
-1262
-1386
-722
-1619
-1973
-2270
-3869
-2416
-436
-1910
-2130
-1549
-4949
-3594
-3968
-3005
-1249
-568
-1321
-1531
-1464
-3216
-4526
-2525
-3420
-2247
-201
-429
-1035
-3598
-783
-3508
-3246
-1297
-549
-4516
-2060
-1744
-2931
-69
-908
-565
-4593
-1785
-1853
-2046
-742
-3644
-678
-1130
-809
-2350
-1551
-3024
-1431
-4792
-3633
-2640
-462
-916
-3341
-3939
-2390
-138
-2481
-884
-3045
-1449
-2888
-180
-1857
-356
-3098
-4150
-1847
-1556
-4663
-1532
-3248
-2943
-2981
-109
-928
-3863
-1312
-346
-1478
-2099
-4500
-3160
-1700
-4338
-698
-2977
-1235
-4375
-1821
-4099
-2219
-2080
-2770
-4792
-817
-1073
-1890
-993
-2485
-3269
-2792
-4166
-1990
-97
-1556
-2763
-1841
-3153
-1689
-3740
-2674
-597
-2854
-30
-4900
-1672
-4930
-3642
-2429
-177
-4087
-3816
-1372
-2970
-2458
-2535
-832
-2639
-3711
-2795
-4357
-4640
-378
-1941
-1976
-1234
-1400
-3242
-2025
-2734
-4906
-3312
-756
-198
-963
-3250
-2808
-289
-1721
-3702
-3380
-2089
-3831
-417
-4772
-304
-3445
-3424
-4370
-2801
-3999
-2191
-2818
-4341
-3219
-194
-3805
-445
-4513
-3847
-541
-2207
-2979
-1001
-3168
-392
-409
-904
-2218
-4742
-3536
-2385
-4170
-207
-4673
-3479
-862
-2932
-762
-3463
-4607
-3474
-723
-4145
-3744
-4641
-4441
-3700
-4926
-940
-1865
-3459
-4512
-3951
-4947
-260
-1474
-1997
-4406
-2154
-4106
-3558
-2995
-3037
-2244
-920
-2165
-3863
-2197
-289
-2627
-4088
-1424
-3207
-3349
-927
-2360
-46
-1050
-4778
-4091
-3689
-4278
-140
-4353
-907
-1694
-1895
-2874
-2739
-1997
-3562
-797
-4786
-3993
-4324
-4047
-1583
-3461
-1119
-1780
-4112
-1102
-1192
-4242
-4285
-501
-753
-4642
-4863
-2822
-3038
-4430
-2002
-979
-3868
-4287
-919
-863
-4860
-2118
-4281
-1123
-3388
-1437
-4706
-2632
-856
-3494
-4752
-3731
-2637
-1090
-3204
-297
-2621
-656
-179
-3310
-2981
-2568
-447
-1834
-4965
-1120
-2974
-1842
-1316
-931
-137
-4648
-4595
-1392
-2991
-2878
-2192
-1890
-2618
-3372
-4760
-3698
-443
-4058
-494
-2436
-4520
-3874
-888
-2530
-912
-4913
-3790
-3916
-1802
-62
-4251
-2790
-3049
-3063
-1812
-423
-2959
-922
-296
-1857
-2035
-984
-1993
-2288
-1347
-3418
-1123
-4470
-585
-2539
-73
-506
-1929
-1181
-2868
-2372
-1605
-3283
-4957
-922
-2074
-2340
-3685
-1841
-4247
-3561
-768
-1082
-134
-1381
-1326
-4255
-38
-447
-81
-1808
-4512
-1360
-853
-454
-2714
-2346
-3868
-581
-1033
-3348
-3937
-3123
-30
-2298
-2767
-513
-2367
-932
-4871
-2607
-3841
-213
-3031
-1010
-3153
-828
-4065
-1142
-1996
-2807
-2074
-259
-2370
-1913
-1215
-894
-2977
-2896
-4665
-4903
-2292
-1344
-1555
-3085
-1167
-307
-1531
-1119
-2981
-3004
-2726
-1388
-3621
-2922
-2277
-4150
-1295
-4745
-3903
-4607
-2255
-1837
-3056
-1930
-1357
-4639
-4667
-4791
-1061
-4123
-1534
-440
-3593
-810
-285
-1246
-4970
-3124
-1200
-3950
-1624
-3086
-3574
-3838
-655
-2177
-4808
-4308
-3467
-282
-4751
-4682
-75
-3049
-1883
-933
-158
-1167
-2639
-2977
-4160
-2718
-4603
-2133
-1059
-4536
-2130
-2685
-4604
-1199
-3758
-3795
-4973
-4876
-4804
-3469
-1955
-4442
-1013
-147
-1827
-2235
-2572
-1535
-861
-1863
-2833
-1809
-3459
-1758
-3316
-4141
-1932
-4159
-4922
-1033
-3395
-2042
-3660
-4387
-2778
-3338
-3716
-4856
-2358
-1446
-144
-495
-112
-2352
-4844
-121
-2288
-179
-1925
-3855
-4446
-2196
-704
-4337
-1840
-3245
-416
-2664
-4640
-3595
-2995
-4440
-4689
-3054
-4945
-615
-3505
-1961
-1012
-4449
-1397
-2844
-3225
-2914
-3924
-3629
-4251
-934
-1069
-30
-1059
-2350
-1604
-4307
-299
-1511
-3467
-1543
-1129
-244
-3306
-1295
-4539
-2046
-4458
-4042
-3145
-2126
-1021
-3047
-60
-1717
-4276
-2299
-608
-1337
-391
-3198
-122
-3230
-4144
-1406
-677
-4082
-2430
-3903
-444
-3290
-860
-1958
-4957
-3956
-1969
-1948
-3457
-1700
-390
-928
-4136
-2026
-1312
-151
-2718
-4842
-3019
-1885
-4095
-3912
-3607
-4896
-4721
-166
-3760
-896
-567
-1326
-1680
-287
-3683
-535
-4404
-1162
-2139
-4198
-3720
-3598
-191
-3887
-2096
-1119
-749
-2461
-1878
-3789
-2550
-1837
-3810
-4832
-151
-1447
-1196
-3425
-1919
-2197
-4290
-259
-766
-4695
-4122
-660
-4012
-1487
-4463
-1339
-2618
-1142
-4122
-1814
-3835
-257
-4880
-277
-276
-3559
-530
-4497
-1601
-1470
-2925
-2093
-4819
-3540
-2357
-2439
-1592
-2051
-1148
-3098
-2781
-4051
-1178
-3290
-2187
-3641
-3821
-482
-2335
-2441
-4052
-4778
-2281
-2286
-2187
-378
-1042
-4608
-1197
-3930
-2320
-853
-2070
-1771
-243
-3129
-4489
-2711
-1745
-1979
-1689
-310
-3261
-1830
-2664
-1365
-1085
-4841
-2502
-1251
-746
-3643
-2214
-174
-314
-1094
-4674
-217
-1207
-3381
-3006
-3749
-2287
-1931
-2427
-2423
-2832
-3693
-4171
-25
-4318
-2808
-1136
-3247
-2595
-2537
-1958
-3479
-958
-4304
-4594
-1290
-2675
-2888
-15
-3944
-4684
-3844
-714
-3880
-1728
-2377
-1432
-4349
-1267
-4025
-4690
-2507
-2101
-3751
-4390
-467
-3751
-3288
-4303
-162
-1414
-4196
-771
-4095
-3138
-3150
-1361
-1413
-4141
-2026
-1361
-567
-2337
-2473
-4080
-76
-1526
-1400
-4653
-2929
-207
-4224
-1697
-4167
-414
-4521
-453
-3459
-241
-1714
-140
-276
-766