-4941
-1464
-4655
1394
4217
3194
-762
-637
-4745
-2735
-4637
-1179
938
-1091
-2207
-3007
-2129
-579
4570
4485
3424
2875
-4108
-2743
1714
1834
3572
-1100
702
1567
-2528
4011
-3951
3007
960
-627
-852
4468
-1544
36
107
-2444
-10
3745
3283
4063
1485
2185
4811
-449
-1357
-4050
-1312
2214
9
-2637
-3818
-1746
-35
982
-853
4625
3917
1128
-4306
-2045
2841
-4287
-351
4726
1468
-4939
4471
2875
-3373
-1812
3422
4827
2048
-1080
1848
-3881
-4755
4181
-382
-1512
552
3498
-1215
-2007
-4930
-3102
-2528
4521
4664
-4574
3075
4864
1066
998